%YAML:1.0
#Rotation from laser frame to imu frame, imu^R_laser
extrinsicRotation_imu_laser: !!opencv-matrix
  rows: 3
  cols: 3
  dt: d
  # data: [9.99999074e-01,-1.99693285e-04,1.34635081e-03,
  #        1.96984539e-04, 9.99997957e-01, 2.01174991e-03,
  #       -1.34674980e-03,-2.01148284e-03,9.99997070e-01]
  data: [ 0.999960953306946, -0.000214749850085, 0.008834380712422,
          0.000196984539000, 0.999997957000000, 0.002011749910000,
          -0.008834794697367, -0.002009931124585, 0.999958952350803]
#Translation from laser frame to imu frame, imu^T_laser
extrinsicTranslation_imu_laser: !!opencv-matrix
  rows: 3
  cols: 1
  dt: d
  data: [-0.02208628,-0.02142526,0.02434912]


#Rotation from camera frame to imu frame, imu^R_cam
extrinsicRotation_imu_camera: !!opencv-matrix
  rows: 3
  cols: 3
  dt: d
  data: [-0.02084836,  0.00492733,  0.99977051,
         -0.9992563,  -0.03254675, -0.02067723,
         0.03243739, -0.99945807,  0.00560221]
#Translation from camera frame to imu frame, imu^T_cam
extrinsicTranslation_imu_camera: !!opencv-matrix
  rows: 3
  cols: 1
  dt: d
  data: [0.18728868,-0.0241465, -0.06434955]


#Rotation from laser frame to camera frame, camera^R_laser
extrinsicRotation_camera_laser: !!opencv-matrix
  rows: 3
  cols: 3
  dt: d
  data: [ -0.016325,  -0.999063,  0.040094,
          0.043872,  -0.040776,  -0.998205,
          0.998904,  -0.014537,  0.044496 ]
#Translation from laser frame to camera frame, camera^T_laser
extrinsicTranslation_camera_laser: !!opencv-matrix
  rows: 3
  cols: 1
  dt: d
  data: [ -0.000582, -0.130524, -0.221890]

# Transformation from up down realsense to lidar lidar^T_realsense 
up_realsense_roll: -0.0940468
up_realsense_pitch: 0.121589
up_realsense_yaw: 0.67388
up_realsense_x: 0.2488
up_realsense_y: 0.0078104
up_realsense_z: -0.165232
down_realsense_roll: 1.45008 
down_realsense_pitch: -2.51695
down_realsense_yaw: 1.52326
down_realsense_x: 0.240302
down_realsense_y: 0.0623203
down_realsense_z: -0.220518
