%YAML:1.0

#Rotation from laser frame to imu frame, imu^R_laser
extrinsicRotation_imu_laser: !!opencv-matrix
  rows: 3
  cols: 3
  dt: d
  # data: [0.9998875, 0.0000000, 0.002, 0.0000000, 1.0000000, 0.0000000, -0.002, 0.0000000, 0.9998875]
  data: [1.0, 0.0000000, 0.00, 0.0000000, 1.0000000, 0.0000000, 0.0, 0.0000000, 1]
#Translation from laser frame to imu frame, imu^T_laser
extrinsicTranslation_imu_laser: !!opencv-matrix
  rows: 3
  cols: 1
  dt: d
  # data: [-0.0351814, -0.0147287, 0.06434955]
  data: [0.0, 0.0, 0.0]